
\chead{Question 3} 

\begin{tcolorbox}
\textbf{Question 3} 

Consider the linear system
$$
\begin{aligned}
4.3 x_{1}+6.6 x_{2}-5.3 x_{3}+6.8 x_{4} &=48.81 \\
2.5 x_{1}-1.2 x_{2}+6.6 x_{3}-2.0 x_{4} &=-30.50 \\
5.4 x_{1}+2.2 x_{2}-2.6 x_{3}+3.5 x_{4} &=45.69 \\
-7.2 x_{1}+5.3 x_{2}-1.3 x_{3}+4.9 x_{4} &=-18.15
\end{aligned}
$$


\textbf a. Solve the system by using the method of Gaussian Elimination. In each arithmetic operation, round to two decimal places.



\textbf b. Solve the system by using the method of Gaussian Elimination with partial pivoting. In each arithmetic operation, round to two decimal places.






\end{tcolorbox}

\begin{solution}\ \\

\textbf{(a) Using the method of Gaussian Elimination}


Here we can represent the linear system with the augmented matrix as
$$ 
\tilde A=\tilde A^{(1)}=
 \begin{bmatrix} 
    4.30 &     6.60 &    -5.30 &     6.80 & : &    48.81 \\ 
    2.50 &    -1.20 &     6.60 &    -2.00 & : &   -30.50 \\ 
    5.40 &     2.20 &    -2.60 &     3.50 & : &    45.69 \\ 
   -7.20 &     5.30 &    -1.30 &     4.90 & : &   -18.15 \\ 
\end{bmatrix} 
$$ 

Perform the operation 
 $ ( E_{2} - (0.58) E_{1}) \rightarrow (E_{2}) $,  $ ( E_{3} - (1.26) E_{1}) \rightarrow (E_{3}) $,  $ ( E_{4} - (-1.67) E_{1}) \rightarrow (E_{4}) $, 
 
$$ 
\tilde A^{(2)}=
 \begin{bmatrix} 
    4.30 &     6.60 &    -5.30 &     6.80 & : &    48.81 \\ 
    0.01 &    -5.03 &     9.67 &    -5.94 & : &   -58.81 \\ 
   -0.02 &    -6.12 &     4.08 &    -5.07 & : &   -15.81 \\ 
   -0.02 &    16.32 &   -10.15 &    16.26 & : &    63.36 \\ 
\end{bmatrix} 
 $$ 

 
Perform the operation 
 $ ( E_{3} - (1.22) E_{2}) \rightarrow (E_{3}) $,  $ ( E_{4} - (-3.24) E_{2}) \rightarrow (E_{4}) $, 
 
$$ 
 \tilde A^{(3)}=
 \begin{bmatrix} 
    4.30 &     6.60 &    -5.30 &     6.80 & : &    48.81 \\ 
    0.01 &    -5.03 &     9.67 &    -5.94 & : &   -58.81 \\ 
   -0.03 &     0.02 &    -7.72 &     2.18 & : &    55.94 \\ 
    0.01 &     0.02 &    21.18 &    -2.99 & : &  -127.18 \\ 
\end{bmatrix} 
 $$ 

 
Perform the operation 
 $ ( E_{4} - (-2.74) E_{3}) \rightarrow (E_{4}) $, 
 
$$ 
 \tilde A^{(4)}=
 \begin{bmatrix} 
    4.30 &     6.60 &    -5.30 &     6.80 & : &    48.81 \\ 
    0.01 &    -5.03 &     9.67 &    -5.94 & : &   -58.81 \\ 
   -0.03 &     0.02 &    -7.72 &     2.18 & : &    55.94 \\ 
   -0.07 &     0.07 &     0.03 &     2.98 & : &    26.10 \\ 
\end{bmatrix} 
 $$ 

 

 

Finally, the matrix is converted back into a linear system that has a solution equivalent to the solution of the original system and the backward substitution is applied:


$$ 
 x_{4}=8.76 
 $$ 
$$ 
 x_{3}=\left[a_{3, 5}-\sum_{j=4}^{4} a_{3 j} x_{j}\right] / a_{3 3}=-4.77 
 $$ 
$$ 
 x_{2}=\left[a_{2, 5}-\sum_{j=3}^{4} a_{2 j} x_{j}\right] / a_{2 2}=-7.82 
 $$ 
$$ 
 x_{1}=\left[a_{1, 5}-\sum_{j=2}^{4} a_{1 j} x_{j}\right] / a_{1 1}=3.62 
 $$ 


\dotfill


\textbf{(b) Using the method of Gaussian Elimination with partial pivoting}


Here we can represent the linear system with the augmented matrix as
$$
 \tilde A^{(1)}=
 \begin{bmatrix} 
    4.30 &     6.60 &    -5.30 &     6.80 & : &    48.81 \\ 
    2.50 &    -1.20 &     6.60 &    -2.00 & : &   -30.50 \\ 
    5.40 &     2.20 &    -2.60 &     3.50 & : &    45.69 \\ 
   -7.20 &     5.30 &    -1.30 &     4.90 & : &   -18.15 \\ 
\end{bmatrix} 
$$
Here find tha maximum on $E_{4}$. Switch the row  $(E_{4}) \leftrightarrow (E_{1})$ 
$$ 
 \begin{bmatrix} 
   -7.20 &     5.30 &    -1.30 &     4.90 & : &   -18.15 \\ 
    2.50 &    -1.20 &     6.60 &    -2.00 & : &   -30.50 \\ 
    5.40 &     2.20 &    -2.60 &     3.50 & : &    45.69 \\ 
    4.30 &     6.60 &    -5.30 &     6.80 & : &    48.81 \\ 
\end{bmatrix} 
 $$ 
Perform the operation 
 $ ( E_{2} - (-0.35) E_{4}) \rightarrow (E_{2}) $,  $ ( E_{3} - (-0.75) E_{4}) \rightarrow (E_{3}) $,  $ ( E_{1} - (-0.60) E_{4}) \rightarrow (E_{1}) $, 
 
$$ 
 \tilde A^{(2)}=
 \begin{bmatrix} 
 
   -7.20 &     5.30 &    -1.30 &     4.90 & : &   -18.15 \\ 
   -0.02 &     0.66 &     6.15 &    -0.28 & : &   -36.85 \\ 
    0.00 &     6.18 &    -3.58 &     7.18 & : &    32.08 \\ 
   -0.02 &     9.78 &    -6.08 &     9.74 & : &    37.92 \\ 
\end{bmatrix} 
 $$ 
Here find tha maximum on $E_{4}$. Switch the row  $(E_{4}) \leftrightarrow (E_{2})$ 
$$ 
 \begin{bmatrix} 
   -7.20 &     5.30 &    -1.30 &     4.90 & : &   -18.15 \\ 
   -0.02 &     9.78 &    -6.08 &     9.74 & : &    37.92 \\ 
    0.00 &     6.18 &    -3.58 &     7.18 & : &    32.08 \\ 
   -0.02 &     0.66 &     6.15 &    -0.28 & : &   -36.85 \\ 
\end{bmatrix} 
 $$ 
Perform the operation 
 $ ( E_{3} - (0.63) E_{1}) \rightarrow (E_{3}) $,  $ ( E_{2} - (0.07) E_{1}) \rightarrow (E_{2}) $, 
 
$$ 
 \tilde A^{(3)}=
 \begin{bmatrix} 
   -7.20 &     5.30 &    -1.30 &     4.90 & : &   -18.15 \\ 
   -0.02 &     9.78 &    -6.08 &     9.74 & : &    37.92 \\ 
    0.01 &     0.02 &     0.25 &     1.04 & : &     8.19 \\ 
   -0.02 &    -0.02 &     6.58 &    -0.96 & : &   -39.50 \\ 
\end{bmatrix} 
 $$ 
Here find tha maximum on $E_{4}$. Switch the row  $(E_{4}) \leftrightarrow (E_{3})$ 
$$ 
 \begin{bmatrix} 
   -7.20 &     5.30 &    -1.30 &     4.90 & : &   -18.15 \\ 
   -0.02 &     9.78 &    -6.08 &     9.74 & : &    37.92 \\ 
   -0.02 &    -0.02 &     6.58 &    -0.96 & : &   -39.50 \\ 
    0.01 &     0.02 &     0.25 &     1.04 & : &     8.19 \\ 
\end{bmatrix} 
 $$ 
Perform the operation 
 $ ( E_{3} - (0.04) E_{2}) \rightarrow (E_{3}) $, 
 
$$ 
 \tilde A^{(4)}=
 \begin{bmatrix} 
   -7.20 &     5.30 &    -1.30 &     4.90 & : &   -18.15 \\ 
   -0.02 &     9.78 &    -6.08 &     9.74 & : &    37.92 \\ 
   -0.02 &    -0.02 &     6.58 &    -0.96 & : &   -39.50 \\ 
    0.01 &     0.02 &    -0.01 &     1.08 & : &     9.77 \\ 
\end{bmatrix} 
 $$ 
Finally, the matrix is converted back into a linear system that has a solution equivalent to the solution of the original system and the backward substitution is applied: 
 
$$ 
 x_{4}=9.05 
 $$ 
$$ 
 x_{3}=\left[a_{3, 5}-\sum_{j=4}^{4} a_{3 j} x_{j}\right] / a_{3 3}=-4.70 
 $$ 
$$ 
 x_{2}=\left[a_{2, 5}-\sum_{j=3}^{4} a_{2 j} x_{j}\right] / a_{2 2}=-8.05 
 $$ 
$$ 
 x_{1}=\left[a_{1, 5}-\sum_{j=2}^{4} a_{1 j} x_{j}\right] / a_{1 1}=3.60 
 $$ 



\end{solution}
